timestamp,temperature,humidity,pressure,altitude,light,uv

01.01.1970;01:00:41,21.49,57.05,994.22,157.59,4,0.00
01.01.1970;01:00:43,21.51,57.05,994.22,157.56,4,0.00
01.01.1970;01:00:44,21.51,57.05,994.22,157.56,4,0.00
01.01.1970;01:00:45,21.51,57.05,994.22,157.55,5,0.00
01.01.1970;01:00:47,21.49,57.05,994.22,157.57,5,0.00
01.01.1970;01:00:48,21.49,57.05,994.22,157.57,5,0.00
01.01.1970;01:00:49,21.49,57.05,994.22,157.56,5,0.00
01.01.1970;01:00:50,21.51,57.05,994.22,157.59,5,0.00
01.01.1970;01:00:51,21.49,57.05,994.22,157.59,5,0.00
01.01.1970;01:00:53,21.51,57.05,994.22,157.58,4,0.00
01.01.1970;01:00:54,21.49,57.05,994.22,157.59,4,0.00
01.01.1970;01:00:09,21.46,57.24,994.22,157.59,1,0.00
01.01.1970;01:00:10,21.46,57.24,994.21,157.65,1,0.00
01.01.1970;01:00:12,21.46,57.24,994.21,157.64,1,0.00
01.01.1970;01:00:13,21.46,57.24,994.22,157.62,1,0.00
01.01.1970;01:00:14,21.46,57.24,994.21,157.62,1,0.00
01.01.1970;01:00:15,21.46,57.24,994.21,157.63,1,0.00
01.01.1970;01:00:17,21.46,57.24,994.21,157.64,1,0.00
01.01.1970;01:00:18,21.46,57.35,994.21,157.65,1,0.00
01.01.1970;01:00:19,21.46,57.35,994.21,157.64,2,0.00
01.01.1970;01:00:20,21.46,57.24,994.21,157.62,2,0.00
01.01.1970;01:00:22,21.45,57.24,994.21,157.62,2,0.00
01.01.1970;01:00:23,21.46,57.35,994.21,157.64,2,0.00
01.01.1970;01:00:24,21.46,57.35,994.22,157.61,2,0.00
01.01.1970;01:00:25,21.45,57.35,994.22,157.59,2,0.00
01.01.1970;01:00:26,21.46,57.35,994.22,157.61,2,0.00
01.01.1970;01:00:27,21.46,57.35,994.22,157.62,2,0.00
01.01.1970;01:00:29,21.46,57.35,994.22,157.60,1,0.00
01.01.1970;01:00:30,21.45,57.35,994.22,157.58,2,0.00
01.01.1970;01:00:31,21.45,57.35,994.22,157.57,1,0.00
01.01.1970;01:00:32,21.46,57.35,994.22,157.58,1,0.00
01.01.1970;01:00:34,21.46,57.35,994.22,157.61,1,0.00
01.01.1970;01:00:35,21.46,57.35,994.22,157.59,2,0.00
01.01.1970;01:00:36,21.46,57.35,994.22,157.61,2,0.00
01.01.1970;01:00:37,21.46,57.35,994.21,157.61,2,0.00
01.01.1970;01:00:39,21.46,57.35,994.22,157.62,2,0.00
01.01.1970;01:00:40,21.46,57.35,994.21,157.65,2,0.00
01.01.1970;01:00:41,21.46,57.35,994.21,157.65,2,0.00
01.01.1970;01:00:42,21.46,57.35,994.21,157.66,2,0.00
01.01.1970;01:00:43,21.46,57.35,994.21,157.64,2,0.00
01.01.1970;01:00:45,21.45,57.35,994.21,157.64,2,0.00
01.01.1970;01:00:46,21.46,57.24,994.21,157.63,3,0.00
01.01.1970;01:00:47,21.46,57.24,994.22,157.63,3,0.00
01.01.1970;01:00:49,21.46,57.24,994.21,157.63,4,0.00
01.01.1970;01:00:50,21.45,57.24,994.21,157.63,4,0.00
01.01.1970;01:00:51,21.46,57.24,994.22,157.63,4,0.00
01.01.1970;01:00:52,21.46,57.24,994.22,157.60,4,0.00
01.01.1970;01:00:53,21.45,57.24,994.22,157.59,5,0.00
01.01.1970;01:00:55,21.46,57.24,994.22,157.58,5,0.00
01.01.1970;01:00:56,21.46,57.15,994.22,157.58,5,0.00
01.01.1970;01:00:57,21.46,57.15,994.22,157.57,4,0.00
01.01.1970;01:00:58,21.46,57.24,994.22,157.56,4,0.00
01.01.1970;01:01:00,21.45,57.15,994.22,157.55,4,0.00
01.01.1970;01:01:01,21.46,57.24,994.23,157.53,4,0.00
01.01.1970;01:01:02,21.48,57.24,994.23,157.49,4,0.00
01.01.1970;01:01:03,21.46,57.24,994.24,157.45,4,0.00
01.01.1970;01:01:05,21.45,57.24,994.24,157.43,4,0.00
01.01.1970;01:01:06,21.46,57.24,994.24,157.41,4,0.00
01.01.1970;01:01:07,21.45,57.15,994.24,157.39,4,0.00
01.01.1970;01:01:08,21.46,57.15,994.25,157.35,4,0.00
01.01.1970;01:01:10,21.46,57.15,994.25,157.35,4,0.00
01.01.1970;01:01:11,21.48,57.15,994.25,157.32,3,0.00
01.01.1970;01:01:12,21.46,57.15,994.25,157.31,3,0.00
01.01.1970;01:01:13,21.46,57.05,994.26,157.28,3,0.00
01.01.1970;01:01:14,21.46,57.05,994.26,157.27,3,0.00
01.01.1970;01:01:15,21.48,57.05,994.26,157.27,2,0.00
01.01.1970;01:01:17,21.46,57.05,994.26,157.23,2,0.00
01.01.1970;01:01:18,21.46,57.05,994.26,157.26,2,0.00
01.01.1970;01:01:19,21.48,57.05,994.25,157.30,5,0.00
01.01.1970;01:01:20,21.46,57.15,994.26,157.29,2,0.00
01.01.1970;01:01:21,21.46,57.24,994.25,157.31,1,0.00
01.01.1970;01:01:22,21.48,57.24,994.25,157.35,1,0.00
01.01.1970;01:01:24,21.46,57.35,994.24,157.39,1,0.00
01.01.1970;01:01:25,21.46,57.35,994.24,157.43,1,0.00
01.01.1970;01:01:26,21.46,57.35,994.23,157.50,1,0.00
01.01.1970;01:01:27,21.48,57.35,994.23,157.51,1,0.00
01.01.1970;01:01:28,21.48,57.35,994.23,157.49,1,0.00
01.01.1970;01:01:29,21.46,57.35,994.23,157.51,1,0.00
01.01.1970;01:01:31,21.46,57.35,994.23,157.47,0,0.00
01.01.1970;01:01:32,21.46,57.35,994.23,157.48,0,0.00
01.01.1970;01:01:33,21.46,57.24,994.23,157.50,0,0.00
01.01.1970;01:01:34,21.46,57.24,994.23,157.52,1,0.00
01.01.1970;01:01:35,21.46,57.24,994.22,157.57,1,0.00
01.01.1970;01:01:37,21.46,57.24,994.22,157.62,1,0.00
01.01.1970;01:01:38,21.46,57.24,994.21,157.67,1,0.00
01.01.1970;01:01:39,21.48,57.24,994.21,157.67,1,0.00
01.01.1970;01:01:40,21.46,57.15,994.21,157.66,1,0.00
01.01.1970;01:01:42,21.48,57.15,994.22,157.61,1,0.00
01.01.1970;01:01:43,21.46,57.15,994.22,157.57,1,0.00
01.01.1970;01:01:44,21.48,57.15,994.23,157.52,1,0.00
01.01.1970;01:01:45,21.46,57.15,994.23,157.48,1,0.00
01.01.1970;01:01:46,21.46,57.15,994.23,157.48,1,0.00
01.01.1970;01:01:48,21.46,57.15,994.23,157.49,1,0.00
01.01.1970;01:01:49,21.46,57.15,994.23,157.51,1,0.00
01.01.1970;01:01:50,21.46,57.05,994.23,157.52,1,0.00
01.01.1970;01:01:51,21.46,57.05,994.23,157.47,1,0.00
01.01.1970;01:01:53,21.46,57.05,994.22,157.54,1,0.00
01.01.1970;01:01:54,21.46,57.05,994.22,157.56,1,0.00
01.01.1970;01:01:55,21.46,57.05,994.22,157.58,1,0.00
01.01.1970;01:01:56,21.46,57.05,994.22,157.61,1,0.00
01.01.1970;01:01:57,21.46,57.05,994.21,157.64,1,0.00
01.01.1970;01:01:59,21.46,57.05,994.21,157.70,0,0.00
01.01.1970;01:02:00,21.46,57.05,994.21,157.70,0,0.00
01.01.1970;01:02:01,21.46,57.05,994.21,157.68,0,0.00
01.01.1970;01:02:03,21.48,57.05,994.21,157.64,0,0.00
01.01.1970;01:02:04,21.48,57.05,994.22,157.62,0,0.00
01.01.1970;01:02:05,21.46,57.05,994.22,157.60,0,0.00
01.01.1970;01:02:06,21.48,57.05,994.22,157.59,1,0.00
01.01.1970;01:02:08,21.46,57.05,994.22,157.57,1,0.00
01.01.1970;01:02:09,21.48,57.05,994.22,157.56,1,0.00
01.01.1970;01:02:10,21.48,57.05,994.22,157.57,1,0.00
01.01.1970;01:02:11,21.46,57.05,994.22,157.59,1,0.00
01.01.1970;01:02:12,21.46,57.05,994.22,157.58,1,0.00
01.01.1970;01:02:14,21.48,57.05,994.22,157.56,1,0.00
01.01.1970;01:02:15,21.48,57.05,994.22,157.57,1,0.00
01.01.1970;01:02:16,21.46,57.05,994.22,157.55,1,0.00
01.01.1970;01:02:18,21.46,57.05,994.22,157.54,1,0.00
01.01.1970;01:02:19,21.46,57.05,994.23,157.53,1,0.00
01.01.1970;01:02:20,21.45,57.05,994.23,157.49,1,0.00
01.01.1970;01:02:21,21.46,57.05,994.23,157.48,2,0.00
01.01.1970;01:02:22,21.46,57.05,994.23,157.48,2,0.00
01.01.1970;01:02:24,21.46,57.05,994.23,157.46,2,0.00
01.01.1970;01:02:25,21.48,57.05,994.23,157.47,2,0.00
01.01.1970;01:02:26,21.46,57.15,994.24,157.43,2,0.00
01.01.1970;01:02:27,21.48,57.15,994.24,157.42,4,0.00
01.01.1970;01:02:29,21.46,57.24,994.24,157.41,4,0.00
01.01.1970;01:02:30,21.48,57.24,994.25,157.37,4,0.00
01.01.1970;01:02:31,21.48,57.24,994.25,157.33,5,0.00
01.01.1970;01:02:32,21.48,57.24,994.25,157.32,4,0.00
01.01.1970;01:02:33,21.48,57.24,994.25,157.34,5,0.00
01.01.1970;01:02:35,21.46,57.24,994.25,157.35,4,0.00
01.01.1970;01:02:36,21.48,57.24,994.24,157.40,4,0.00
01.01.1970;01:02:37,21.48,57.24,994.24,157.41,4,0.00
01.01.1970;01:02:39,21.46,57.24,994.24,157.38,3,0.00
01.01.1970;01:02:40,21.46,57.24,994.25,157.32,2,0.00
01.01.1970;01:02:41,21.49,57.24,994.25,157.32,2,0.00
01.01.1970;01:02:42,21.46,57.24,994.25,157.35,2,0.00
01.01.1970;01:02:43,21.46,57.24,994.24,157.42,2,0.00
01.01.1970;01:02:44,21.48,57.24,994.23,157.49,2,0.00
01.01.1970;01:02:46,21.48,57.15,994.25,157.30,2,0.00
01.01.1970;01:02:48,21.46,57.15,994.24,157.42,2,0.00
01.01.1970;01:02:49,21.48,57.15,994.24,157.45,1,0.00
01.01.1970;01:02:50,21.45,57.15,994.23,157.49,1,0.00
01.01.1970;01:02:51,21.48,57.15,994.23,157.51,1,0.00
01.01.1970;01:02:52,21.48,57.15,994.23,157.51,1,0.00
01.01.1970;01:02:53,21.46,57.15,994.23,157.52,1,0.00
01.01.1970;01:02:55,21.48,57.05,994.23,157.49,1,0.00
01.01.1970;01:02:56,21.46,57.05,994.23,157.50,1,0.00
01.01.1970;01:02:57,21.48,57.05,994.23,157.51,1,0.00
01.01.1970;01:02:58,21.46,57.05,994.22,157.55,1,0.00
01.01.1970;01:02:59,21.46,57.05,994.22,157.55,1,0.00
01.01.1970;01:03:01,21.46,57.05,994.22,157.58,1,0.00